block 3.obj -4.782067835330963135e-01 5.769382044672966003e-02 1.350015588104724884e-02 1.570808291435241699e+00 6.776473522186279297e-01 -1.570769786834716797e+00
block 3.obj -5.639076828956604004e-01 -4.526245407760143280e-03 1.350017357617616653e-02 1.570806860923767090e+00 6.772086024284362793e-01 -1.570767760276794434e+00
violet 2.obj -5.396727919578552246e-01 4.921401292085647583e-02 1.349760126322507858e-02 -1.570658087730407715e+00 -6.797370910644531250e-01 -1.570706248283386230e+00
block 2.obj -5.073875784873962402e-01 8.248341269791126251e-03 1.347863860428333282e-02 -1.570926785469055176e+00 -6.787970662117004395e-01 -1.571080565452575684e+00
block 2.obj -6.073786020278930664e-01 1.082392707467079163e-01 1.349854469299316406e-02 -1.569046258926391602e+00 -6.791493892669677734e-01 -1.570167779922485352e+00
block 2.obj -5.366727919578552246e-01 4.721401292085647583e-02 6.549854469299316406e-02 -1.570658087730407715e+00 -6.797370910644531250e-01 -1.570167779922485352e+00
block 3.obj -5.639076828956604004e-01 -4.526245407760143280e-03 6.350017357617616653e-02 1.570806860923767090e+00 6.772086024284362793e-01 -1.570767760276794434e+00
block 2.obj -5.073875784873962402e-01 6.048341269791126251e-03 6.547863860428333282e-02 -1.570926785469055176e+00 -6.787970662117004395e-01 -1.571080565452575684e+00
block 1.obj -3.659068107604980469e-01 -9.230190087e-02 2.598643302917480469e-02 -1.570837140083312988e+00 1.084242105484008789e+00 -3.141483068466186523e+00
block 1.obj -3.425853312015533447e-01 -1.3888086974620819092e-01 2.599379792809486389e-02 -1.570276498794555664e+00 1.084977507591247559e+00 -6.821056012995541096e-04
block 3.obj -3.264057695865631104e-01 -1.02727118786424398422e-01 6.549828499555587769e-02 1.570773363113403320e+00 4.401076734066009521e-01 -1.570844173431396484e+00
block 3.obj -3.740694880485534668e-01 -1.2523224055767059326e-01 6.549701094627380371e-02 1.570601940155029297e+00 4.263083040714263916e-01 -1.570378541946411133e+00
