blue 4.obj -5.141063928604125977e-01 -5.489115789532661438e-02 2.598390541970729828e-02 0.0 0.0 0.0
block 4.obj -5.641063928604125977e-01 -5.489115789532661438e-02 2.598390541970729828e-02 0.0 0.0 0.0
block 4.obj -4.641063928604125977e-01 -5.489115789532661438e-02 2.598390541970729828e-02 0.0 0.0 0.0
block 4.obj -5.141063928604125977e-01 -4.89115789532661438e-03 2.598390541970729828e-02 0.0 0.0 0.0
block 4.obj -5.641063928604125977e-01 -4.89115789532661438e-03 2.598390541970729828e-02 0.0 0.0 0.0
block 4.obj -4.641063928604125977e-01 -4.89115789532661438e-03 2.598390541970729828e-02 0.0 0.0 0.0
block 4.obj -5.141063928604125977e-01 -1.0489115789532661438e-01 2.598390541970729828e-02 0.0 0.0 0.0
block 4.obj -5.641063928604125977e-01 -1.0489115789532661438e-01 2.598390541970729828e-02 0.0 0.0 0.0
block 4.obj -4.641063928604125977e-01 -1.0489115789532661438e-01 2.598390541970729828e-02 0.0 0.0 0.0
block 6.obj -3.675832748413085938e-01 -1.638889312744140625e-01 2.598859928548336029e-02 -1.570952773094177246e+00 1.084771871566772461e+00 2.603076791274361312e-05
block 4.obj -6.397640705108642578e-01 -2.226434880867600441e-03 2.598517760634422302e-02 -1.573444962501525879e+00 -1.028648018836975098e+00 3.138411283493041992e+00
block 2.obj -5.141063928604125977e-01 -5.489115789532661438e-02 6.598390541970729828e-02 -1.570001721382141113e+00 -0.00093429565429688e-01 -1.570655941963195801e+00
block 1.obj -3.521479988098144531e-01 8.599521219730377197e-02 2.599549852311611176e-02 -1.570825695991516113e+00 1.094680905342102051e+00 -1.790102396626025438e-04
block 3.obj -3.276567780971527100e-01 1.192543134093284607e-01 6.549777090549468994e-02 1.570569753646850586e+00 4.557443559169769287e-01 -1.570970296859741211e+00
block 3.obj -3.836619877815246582e-01 9.425212442874908447e-02 6.549777835607528687e-02 1.570795774459838867e+00 3.749473989009857178e-01 -1.570709228515625000e+00
block 2.obj -5.641063928604125977e-01 -5.489115789532661438e-02 6.598390541970729828e-02 -1.570001721382141113e+00 -0.00093429565429688e-01 -1.570655941963195801e+00
block 2.obj -4.641063928604125977e-01 -5.489115789532661438e-02 6.598390541970729828e-02 -1.570001721382141113e+00 -0.00093429565429688e-01 -1.570655941963195801e+00
block 2.obj -5.141063928604125977e-01 -4.89115789532661438e-03 6.598390541970729828e-02 -1.570001721382141113e+00 -0.00093429565429688e-01 -1.570655941963195801e+00
block 2.obj -5.641063928604125977e-01 -4.89115789532661438e-03 6.598390541970729828e-02 -1.570001721382141113e+00 -0.00093429565429688e-01 -1.570655941963195801e+00
block 2.obj -4.641063928604125977e-01 -4.89115789532661438e-03 6.598390541970729828e-02 -1.570001721382141113e+00 -0.00093429565429688e-01 -1.570655941963195801e+00
block 2.obj -5.141063928604125977e-01 -1.0489115789532661438e-01 6.598390541970729828e-02 -1.570001721382141113e+00 -0.00093429565429688e-01 -1.570655941963195801e+00
block 2.obj -5.641063928604125977e-01 -1.0489115789532661438e-01 6.598390541970729828e-02 -1.570001721382141113e+00 -0.00093429565429688e-01 -1.570655941963195801e+00
block 2.obj -4.641063928604125977e-01 -1.0489115789532661438e-01 6.598390541970729828e-02 -1.570001721382141113e+00 -0.00093429565429688e-01 -1.570655941963195801e+00
