green 4.obj -5.141063928604125977e-01 -5.489115789532661438e-02 2.598390541970729828e-02 1.572011947631835938e+00 -9.765665531158447266e-01 3.324743127450346947e-03
block 6.obj -5.710005164146423340e-01 -6.554044783115386963e-02 2.599991858005523682e-02 1.570811152458190918e+00 6.089183092117309570e-01 -1.570754289627075195e+00
block 6.obj -5.238535404205322266e-01 2.549948636442422867e-03 2.599965035915374756e-02 -1.570821046829223633e+00 9.545059800148010254e-01 1.570864796638488770e+00
block 4.obj -6.397640705108642578e-01 -2.226434880867600441e-03 2.598517760634422302e-02 -1.573444962501525879e+00 -1.028648018836975098e+00 3.138411283493041992e+00
block 3.obj -5.584057695865631104e-01 -7.023218786424398422e-02 6.549828499555587769e-02 1.570773363113403320e+00 4.301076734066009521e-01 -1.570844173431396484e+00
block 3.obj -5.140694880485534668e-01 -4.923224055767059326e-02 6.549701094627380371e-02 1.570601940155029297e+00 4.403083040714263916e-01 -1.570378541946411133e+00
block 3.obj -5.484057695865631104e-01 -7.023218786424398422e-02 9.549828499555587769e-02 1.570773363113403320e+00 4.301076734066009521e-01 -1.570844173431396484e+00
block 1.obj -3.749908232688903809e-01 1.340862512588500977e-01 2.599070407450199127e-02 -1.570894956588745117e+00 1.133750438690185547e+00 -3.141397953033447266e+00
block 1.obj -3.521479988098144531e-01 8.599521219730377197e-02 2.599549852311611176e-02 -1.570825695991516113e+00 1.094680905342102051e+00 -1.790102396626025438e-04
block 3.obj -3.276567780971527100e-01 1.192543134093284607e-01 6.549777090549468994e-02 1.570569753646850586e+00 4.557443559169769287e-01 -1.570970296859741211e+00
block 3.obj -3.836619877815246582e-01 9.425212442874908447e-02 6.549777835607528687e-02 1.570795774459838867e+00 3.749473989009857178e-01 -1.570709228515625000e+00
