block 4.obj -5.646963715553283691e-01 2.288193628191947937e-02 2.598749101161956787e-02 -1.571819305419921875e+00 -1.039072394371032715e+00 3.140629053115844727e+00
block 8.obj -4.699828028678894043e-01 -6.943806260824203491e-02 2.599361166357994080e-02 1.570876479148864746e+00 3.242649510502815247e-02 -1.570568561553955078e+00
block 1.obj -4.925328195095062256e-01 -5.416848137974739075e-02 2.597771584987640381e-02 -1.570824027061462402e+00 5.640572309494018555e-01 -3.141474485397338867e+00
block 1.obj -4.491698741912841797e-01 -8.285053819417953491e-02 2.595015428960323334e-02 -1.571083545684814453e+00 5.642440319061279297e-01 -1.482334220781922340e-03
block 6.obj -4.046287536621093750e-01 -1.105219274759292603e-01 2.599714696407318115e-02 -1.570849537849426270e+00 5.606278181076049805e-01 7.681759598199278116e-05
indigo 8.obj -4.245322346687316895e-01 1.109564080834388733e-01 2.599130570888519287e-02 1.570711135864257812e+00 -3.478856086730957031e-01 -1.570879817008972168e+00
block 1.obj -4.349908232688903809e-01 1.340862512588500977e-01 2.599070407450199127e-02 -1.570894956588745117e+00 1.133750438690185547e+00 -3.141397953033447266e+00
block 1.obj -4.121479988098144531e-01 8.599521219730377197e-02 2.599549852311611176e-02 -1.570825695991516113e+00 1.094680905342102051e+00 -1.790102396626025438e-04
block 3.obj -3.876567780971527100e-01 1.192543134093284607e-01 6.549777090549468994e-02 1.570569753646850586e+00 4.557443559169769287e-01 -1.570970296859741211e+00
block 3.obj -4.436619877815246582e-01 9.425212442874908447e-02 6.549777835607528687e-02 1.570795774459838867e+00 3.749473989009857178e-01 -1.570709228515625000e+00
block 3.obj -4.090377688407897949e-01 1.020805835723876953e-01 9.249918162822723389e-02 1.570851206779479980e+00 2.752924859523773193e-01 -1.570926666259765625e+00
