red 2.obj -4.399717748165130615e-01 -5.309425666928291321e-02 1.348426751792430878e-02 1.568728446960449219e+00 -1.131819248199462891e+00 1.569127202033996582e+00
block 2.obj -3.965704739093780518e-01 -2.308305166661739349e-02 1.348042767494916916e-02 1.568671584129333496e+00 -1.132206678390502930e+00 1.568783164024353027e+00
block 2.obj -4.887001514434814453e-01 -7.207845151424407959e-02 1.345208287239074707e-02 1.567590475082397461e+00 -1.130172252655029297e+00 1.567187428474426270e+00
block 2.obj -4.177851676940917969e-01 -1.002917736768722534e-01 1.349982898682355881e-02 1.570795059204101562e+00 -1.128213524818420410e+00 1.570798039436340332e+00
block 2.obj -4.649779796600341797e-01 -1.975716557353734970e-03 1.349996309727430344e-02 1.570798158645629883e+00 -1.083610773086547852e+00 1.570801138877868652e+00
block 2.obj -6.046509742736816406e-01 -3.878293186426162720e-02 1.349977869540452957e-02 -1.570203542709350586e+00 -9.127207994461059570e-01 -1.571035861968994141e+00
block 4.obj -3.912835001945495605e-01 1.166849359869956970e-01 1.345982961356639862e-02 -1.568716645240783691e+00 -9.912357926368713379e-01 -1.569321990013122559e+00
block 4.obj -3.012835001945495605e-01 -1.166849359869956970e-01 1.345982961356639862e-02 -1.568716645240783691e+00 -9.912357926368713379e-01 -1.569321990013122559e+00
block 3.obj -4.399717748165130615e-01 -5.109425666928291321e-02 6.548426751792430878e-02 1.568728446960449219e+00 -1.131819248199462891e+00 1.569127202033996582e+00
block 1.obj -6.159068107604980469e-01 1.07698099128901958466e-01 2.598643302917480469e-02 -1.570837140083312988e+00 1.084242105484008789e+00 -3.141483068466186523e+00
block 1.obj -5.925853312015533447e-01 6.111913025e-02 2.599379792809486389e-02 -1.570276498794555664e+00 1.084977507591247559e+00 -6.821056012995541096e-04
block 3.obj -5.764057695865631104e-01 9.727288121e-02 6.549828499555587769e-02 1.570773363113403320e+00 4.401076734066009521e-01 -1.570844173431396484e+00
block 3.obj -6.240694880485534668e-01 7.476775944e-02 6.549701094627380371e-02 1.570601940155029297e+00 4.263083040714263916e-01 -1.570378541946411133e+00
block 3.obj -5.961648881435394287e-01 8.229692131e-02 9.249952435493469238e-02 1.570497155189514160e+00 3.857863545417785645e-01 -1.570580959320068359e+00
