yellow 6.obj -4.990204870700836182e-01 -1.925621763803064823e-03 2.599976398050785065e-02 1.570811748504638672e+00 -7.837457954883575439e-02 -1.570718765258789062e+00
block 6.obj -5.523192882537841797e-01 2.713231137022376060e-03 2.599939703941345215e-02 -1.570743680000305176e+00 8.448429405689239502e-02 -3.141546964645385742e+00
block 6.obj -4.462048113346099854e-01 -6.543351802974939346e-03 2.599998749792575836e-02 -1.570746541023254395e+00 5.842691287398338318e-02 -3.141520738601684570e+00
block 6.obj -4.889875352382659912e-01 7.464288920164108276e-02 2.599979378283023834e-02 -1.570196509361267090e+00 -1.486434936523437500e+00 -3.140936851501464844e+00
block 6.obj -5.036615133285522461e-01 -7.951931655406951904e-02 2.599962055683135986e-02 -1.570285439491271973e+00 -1.475456476211547852e+00 -3.141001701354980469e+00
block 1.obj -5.706719756126403809e-01 1.257664114236831665e-01 2.599733695387840271e-02 -1.570803284645080566e+00 8.089759349822998047e-01 -3.141434431076049805e+00
block 1.obj -4.314371943473815918e-01 -1.385260671377182007e-01 2.598356083035469055e-02 -1.570026397705078125e+00 1.098329067230224609e+00 -1.223043538630008698e-03
block 3.obj -4.889875352382659912e-01 3.424288920164108276e-02 6.549828499555587769e-02 1.570773363113403320e+00 -1.686434936523437500e+00 -1.570844173431396484e+00
block 3.obj -5.036615133285522461e-01 -3.901931655406951904e-02 6.549828499555587769e-02 1.570773363113403320e+00 -1.685456476211547852e+00 -1.570844173431396484e+00
block 3.obj -4.936615133285522461e-01 -0.001931655406951904e-02 9.549828499555587769e-02 1.570773363113403320e+00 -1.685456476211547852e+00 -1.570844173431396484e+00
block 1.obj -3.749908232688903809e-01 1.340862512588500977e-01 2.599070407450199127e-02 -1.570894956588745117e+00 1.133750438690185547e+00 -3.141397953033447266e+00
block 1.obj -3.521479988098144531e-01 8.599521219730377197e-02 2.599549852311611176e-02 -1.570825695991516113e+00 1.094680905342102051e+00 -1.790102396626025438e-04
block 3.obj -3.276567780971527100e-01 1.192543134093284607e-01 6.549777090549468994e-02 1.570569753646850586e+00 4.557443559169769287e-01 -1.570970296859741211e+00
block 3.obj -3.836619877815246582e-01 9.425212442874908447e-02 6.549777835607528687e-02 1.570795774459838867e+00 3.749473989009857178e-01 -1.570709228515625000e+00
block 3.obj -3.490377688407897949e-01 1.020805835723876953e-01 9.249918162822723389e-02 1.570851206779479980e+00 2.752924859523773193e-01 -1.570926666259765625e+00
